1.027939094000111 2.997392887780202 10.043928211309337
1.2186428742856052 4.999776674294086 11.040713604310097
2.25229464416415 24.137986978219278 31.413990781224623
3.0252390545076526 65.03903725723455 82.5809325106565
4.101328262324593 249.9915713031486 307.6681843818676
5.2224792472837684 969.827674013055 1153.1615138502884
6.085632573547052 2675.903280681053 3113.7881584790644
7.2594954288513325 10320.623041121416 11740.982225046153
8.153923106648168 28351.937354582915 31827.97265998964
9.058326986652473 77809.61078894694 86398.58103481175
10.277319845257148 298719.7934964318 327785.012968317
11.199990409211374 819052.8995543165 892182.071631823
12.128911519564724 2245645.8187122853 2430793.4488811647
13.06337165194417 6157515.808798924 6628872.63753425
14.00277451501969 1.6886584148388762E7 1.8092529294040017E7
15.262138573914973 6.484521872027682E7 6.909398191978145E7
16.211236032179954 1.7793708985984796E8 1.889132476085117E8
17.16385594528398 4.884080195677192E8 5.168636309060154E8
18.119690404687656 1.3410109671214786E9 1.4150194590812187E9
19.078470022713123 3.6831363607658606E9 3.876188337752572E9
